{
    "name": "Ice combat",
  
"creator": "Pwn4two",
	"version": "1",
	"date": "2015/10/11",
	"description": "A map for 1v1 or shared team play.",
  "planets": [
        {
            "name": "Poor Mike Rowe",
            "mass": 5000,
            "position_x": 30900,
            "position_y": 0,
            "velocity_x": -0.000005560327281273203,
            "velocity_y": 127.20545959472656,
            "required_thrust_to_move": 3,
            "starting_planet": true,
            "respawn": false,
            "start_destroyed": false,
            "min_spawn_delay": 0,
            "max_spawn_delay": 0,
            "planet": {
                "seed": 1840854528,
                "radius": 482,
                "heightRange": 0,
                "waterHeight": 0,
                "waterDepth": 100,
                "temperature": 0,
                "metalDensity": 25,
                "metalClusters": 25,
                "metalSpotLimit": -1,
                "biomeScale": 50,
                "biome": "moon",
                "symmetryType": "terrain and CSG",
                "symmetricalMetal": true,
                "symmetricalStarts": true,
                "numArmies": 2,
                "landingZonesPerArmy": 0,
                "landingZoneSize": 276
            },
            "planetCSG": [
                {
                    "weight": [
                        0,
                        0,
                        0,
                        0
                    ],
                    "spec": "/pa/terrain/ice/brushes/ice_metal_t2_medium_4_ramp.json",
                    "proj": "BP_Bend",
                    "transform": [
                        0.000135915819555521,
                        0.08085865527391434,
                        1.1972724199295044,
                        478.3096923828125,
                        -0.0030968263745307922,
                        1.1972686052322388,
                        -0.08085803687572479,
                        -32.30274200439453,
                        -1.199995756149292,
                        -0.003080621361732483,
                        0.00034425253397785127,
                        0.1375287026166916
                    ],
                    "op": "BO_Add",
                    "rotation": -0.07000000029802322,
                    "scale": [
                        1.1999998092651367,
                        1.1999998092651367,
                        1.1999998092651367
                    ],
                    "height": 479.3992614746094,
                    "position": [
                        479.30743408203125,
                        -32.37012481689453,
                        0.1378335952758789
                    ],
                    "weightHard": false,
                    "weightScale": [
                        1,
                        1,
                        1
                    ],
                    "mirrored": false,
                    "twinId": 0,
                    "flooded": false,
                    "pathable": true,
                    "mergeable": false,
                    "no_features": true
                },
                {
                    "weight": [
                        0,
                        0,
                        0,
                        0
                    ],
                    "spec": "/pa/terrain/ice/brushes/ice_cliff_10.json",
                    "proj": "BP_Bend",
                    "transform": [
                        0.47930729389190674,
                        -0.22343358397483826,
                        1.1766226291656494,
                        448.8572082519531,
                        -1.1972289085388184,
                        -0.12296456098556519,
                        0.464351087808609,
                        177.1403350830078,
                        0.031729668378829956,
                        -1.2645378112792969,
                        -0.2530535161495209,
                        -96.53468322753906
                    ],
                    "op": "BO_Add",
                    "rotation": -1.2199994325637817,
                    "scale": [
                        1.2899997234344482,
                        1.2899997234344482,
                        1.2899997234344482
                    ],
                    "height": 492.10821533203125,
                    "position": [
                        438.82403564453125,
                        173.18075561523438,
                        -94.376953125
                    ],
                    "weightHard": false,
                    "weightScale": [
                        1,
                        1,
                        1
                    ],
                    "mirrored": false,
                    "twinId": 10,
                    "flooded": false,
                    "pathable": false,
                    "mergeable": false,
                    "no_features": false
                },
                {
                    "weight": [
                        0,
                        0,
                        0,
                        0
                    ],
                    "spec": "/pa/terrain/ice/brushes/ice_cliff_10.json",
                    "proj": "BP_Bend",
                    "transform": [
                        0.47930729389190674,
                        -0.22343358397483826,
                        1.1766226291656494,
                        448.85723876953125,
                        -1.1972289085388184,
                        -0.12296456098556519,
                        0.464351087808609,
                        177.14035034179688,
                        -0.031729668378829956,
                        1.2645378112792969,
                        0.2530535161495209,
                        96.5346908569336
                    ],
                    "op": "BO_Add",
                    "rotation": -1.2199994325637817,
                    "scale": [
                        1.2899997234344482,
                        1.2899997234344482,
                        1.2899997234344482
                    ],
                    "height": 492.10821533203125,
                    "position": [
                        438.82403564453125,
                        173.18075561523438,
                        -94.376953125
                    ],
                    "weightHard": false,
                    "weightScale": [
                        1,
                        1,
                        1
                    ],
                    "mirrored": true,
                    "twinId": 10,
                    "flooded": false,
                    "pathable": false,
                    "mergeable": false,
                    "no_features": false
                },
                {
                    "weight": [
                        0,
                        0,
                        0,
                        0
                    ],
                    "spec": "/pa/terrain/ice/brushes/ice_cliff_08.json",
                    "proj": "BP_Bend",
                    "transform": [
                        0.8127616047859192,
                        0.060038287192583084,
                        1.5824699401855469,
                        436.785400390625,
                        1.5017507076263428,
                        -0.5936925411224365,
                        -0.7487795948982239,
                        -206.6743927001953,
                        0.5025537014007568,
                        1.6769977807998657,
                        -0.3217378556728363,
                        -88.8044662475586
                    ],
                    "op": "BO_Add",
                    "rotation": 1.4199992418289185,
                    "scale": [
                        1.7799992561340332,
                        1.7799992561340332,
                        1.7799992561340332
                    ],
                    "height": 491.30645751953125,
                    "position": [
                        427.8951416015625,
                        -202.46775817871094,
                        -86.99693298339844
                    ],
                    "weightHard": false,
                    "weightScale": [
                        1,
                        1,
                        1
                    ],
                    "mirrored": false,
                    "twinId": 11,
                    "flooded": false,
                    "pathable": false,
                    "mergeable": false,
                    "no_features": false
                },
                {
                    "weight": [
                        0,
                        0,
                        0,
                        0
                    ],
                    "spec": "/pa/terrain/ice/brushes/ice_cliff_08.json",
                    "proj": "BP_Bend",
                    "transform": [
                        0.8127616047859192,
                        0.060038287192583084,
                        1.5824699401855469,
                        436.785400390625,
                        1.5017507076263428,
                        -0.5936925411224365,
                        -0.7487795948982239,
                        -206.6743927001953,
                        -0.5025537014007568,
                        -1.6769977807998657,
                        0.3217378556728363,
                        88.8044662475586
                    ],
                    "op": "BO_Add",
                    "rotation": 1.4199992418289185,
                    "scale": [
                        1.7799992561340332,
                        1.7799992561340332,
                        1.7799992561340332
                    ],
                    "height": 491.30645751953125,
                    "position": [
                        427.8951416015625,
                        -202.46775817871094,
                        -86.99693298339844
                    ],
                    "weightHard": false,
                    "weightScale": [
                        1,
                        1,
                        1
                    ],
                    "mirrored": true,
                    "twinId": 11,
                    "flooded": false,
                    "pathable": false,
                    "mergeable": false,
                    "no_features": false
                },
                {
                    "weight": [
                        0,
                        0,
                        0,
                        0
                    ],
                    "spec": "/pa/terrain/ice/brushes/ice_crack_01.json",
                    "proj": "BP_Bend",
                    "transform": [
                        0.22287458181381226,
                        -0.8413099050521851,
                        0.4924677908420563,
                        236.927978515625,
                        -0.6467867493629456,
                        0.25035473704338074,
                        0.7204092741012573,
                        346.5914306640625,
                        -0.7293791174888611,
                        -0.4790826141834259,
                        -0.48835039138793945,
                        -234.9470977783203
                    ],
                    "op": "BO_Subtract",
                    "rotation": 0.3899998962879181,
                    "scale": [
                        1,
                        1,
                        1
                    ],
                    "height": 481.103515625,
                    "position": [
                        236.927978515625,
                        346.5914306640625,
                        -234.94705200195312
                    ],
                    "weightHard": false,
                    "weightScale": [
                        1,
                        1,
                        1
                    ],
                    "mirrored": false,
                    "twinId": 12,
                    "flooded": false,
                    "pathable": false,
                    "mergeable": false,
                    "no_features": true
                },
                {
                    "weight": [
                        0,
                        0,
                        0,
                        0
                    ],
                    "spec": "/pa/terrain/ice/brushes/ice_crack_01.json",
                    "proj": "BP_Bend",
                    "transform": [
                        0.22287458181381226,
                        -0.8413099050521851,
                        0.4924677908420563,
                        236.927978515625,
                        -0.6467867493629456,
                        0.25035473704338074,
                        0.7204092741012573,
                        346.5914306640625,
                        0.7293791174888611,
                        0.4790826141834259,
                        0.48835039138793945,
                        234.9470977783203
                    ],
                    "op": "BO_Subtract",
                    "rotation": 0.3899998962879181,
                    "scale": [
                        1,
                        1,
                        1
                    ],
                    "height": 481.103515625,
                    "position": [
                        236.927978515625,
                        346.5914306640625,
                        -234.94705200195312
                    ],
                    "weightHard": false,
                    "weightScale": [
                        1,
                        1,
                        1
                    ],
                    "mirrored": true,
                    "twinId": 12,
                    "flooded": false,
                    "pathable": false,
                    "mergeable": false,
                    "no_features": true
                },
                {
                    "weight": [
                        0,
                        0,
                        0,
                        0
                    ],
                    "spec": "/pa/terrain/ice/brushes/ice_crack_02.json",
                    "proj": "BP_Bend",
                    "transform": [
                        -0.006931930780410767,
                        0.8250365257263184,
                        0.5650368928909302,
                        271.5387268066406,
                        0.5090190172195435,
                        0.48927733302116394,
                        -0.7081719040870667,
                        -340.3248291015625,
                        -0.8607274293899536,
                        0.28270551562309265,
                        -0.4233509302139282,
                        -203.44895935058594
                    ],
                    "op": "BO_Subtract",
                    "rotation": -0.5800000429153442,
                    "scale": [
                        1,
                        1,
                        1
                    ],
                    "height": 480.568115234375,
                    "position": [
                        271.5386962890625,
                        -340.3248291015625,
                        -203.44891357421875
                    ],
                    "weightHard": false,
                    "weightScale": [
                        1,
                        1,
                        1
                    ],
                    "mirrored": false,
                    "twinId": 13,
                    "flooded": false,
                    "pathable": false,
                    "mergeable": false,
                    "no_features": true
                },
                {
                    "weight": [
                        0,
                        0,
                        0,
                        0
                    ],
                    "spec": "/pa/terrain/ice/brushes/ice_crack_02.json",
                    "proj": "BP_Bend",
                    "transform": [
                        -0.006931930780410767,
                        0.8250365257263184,
                        0.5650368928909302,
                        271.5387268066406,
                        0.5090190172195435,
                        0.48927733302116394,
                        -0.7081719040870667,
                        -340.3248291015625,
                        0.8607274293899536,
                        -0.28270551562309265,
                        0.4233509302139282,
                        203.44894409179688
                    ],
                    "op": "BO_Subtract",
                    "rotation": -0.5800000429153442,
                    "scale": [
                        1,
                        1,
                        1
                    ],
                    "height": 480.568115234375,
                    "position": [
                        271.5386962890625,
                        -340.3248291015625,
                        -203.44891357421875
                    ],
                    "weightHard": false,
                    "weightScale": [
                        1,
                        1,
                        1
                    ],
                    "mirrored": true,
                    "twinId": 13,
                    "flooded": false,
                    "pathable": false,
                    "mergeable": false,
                    "no_features": true
                },
                {
                    "weight": [
                        0,
                        0,
                        0,
                        0
                    ],
                    "spec": "/pa/terrain/ice/brushes/ice_crack_02.json",
                    "proj": "BP_Bend",
                    "transform": [
                        -0.9503379464149475,
                        -0.22365212440490723,
                        -0.2164195328950882,
                        -103.87728118896484,
                        -0.17218123376369476,
                        0.9571088552474976,
                        -0.23301543295383453,
                        -111.84300231933594,
                        0.2592514455318451,
                        -0.18418003618717194,
                        -0.9480856657028198,
                        -455.06317138671875
                    ],
                    "op": "BO_Subtract",
                    "rotation": 1.4399993419647217,
                    "scale": [
                        1,
                        1,
                        1
                    ],
                    "height": 479.9810791015625,
                    "position": [
                        -103.87713623046875,
                        -111.84283447265625,
                        -455.063232421875
                    ],
                    "weightHard": false,
                    "weightScale": [
                        1,
                        1,
                        1
                    ],
                    "mirrored": false,
                    "twinId": 14,
                    "flooded": false,
                    "pathable": false,
                    "mergeable": false,
                    "no_features": true
                },
                {
                    "weight": [
                        0,
                        0,
                        0,
                        0
                    ],
                    "spec": "/pa/terrain/ice/brushes/ice_crack_02.json",
                    "proj": "BP_Bend",
                    "transform": [
                        -0.9503379464149475,
                        -0.22365212440490723,
                        -0.2164195328950882,
                        -103.87728118896484,
                        -0.17218123376369476,
                        0.9571088552474976,
                        -0.23301543295383453,
                        -111.84300231933594,
                        -0.2592514455318451,
                        0.18418003618717194,
                        0.9480856657028198,
                        455.0631408691406
                    ],
                    "op": "BO_Subtract",
                    "rotation": 1.4399993419647217,
                    "scale": [
                        1,
                        1,
                        1
                    ],
                    "height": 479.9810791015625,
                    "position": [
                        -103.87713623046875,
                        -111.84283447265625,
                        -455.063232421875
                    ],
                    "weightHard": false,
                    "weightScale": [
                        1,
                        1,
                        1
                    ],
                    "mirrored": true,
                    "twinId": 14,
                    "flooded": false,
                    "pathable": false,
                    "mergeable": false,
                    "no_features": true
                },
                {
                    "weight": [
                        0,
                        0,
                        0,
                        0
                    ],
                    "spec": "/pa/terrain/ice/brushes/ice_crack_01.json",
                    "proj": "BP_Bend",
                    "transform": [
                        0.5160161256790161,
                        -0.5510116219520569,
                        -0.7441191077232361,
                        -339.7549133300781,
                        -0.9064326286315918,
                        -0.12676498293876648,
                        -0.5347056984901428,
                        -244.13951110839844,
                        0.1889631152153015,
                        0.8966138362884521,
                        -0.5328941345214844,
                        -243.31240844726562
                    ],
                    "op": "BO_Subtract",
                    "rotation": -0.7399998307228088,
                    "scale": [
                        1.059999942779541,
                        1.059999942779541,
                        1.059999942779541
                    ],
                    "height": 483.9819030761719,
                    "position": [
                        -339.7548828125,
                        -244.1395263671875,
                        -243.3125
                    ],
                    "weightHard": false,
                    "weightScale": [
                        1,
                        1,
                        1
                    ],
                    "mirrored": false,
                    "twinId": 15,
                    "flooded": false,
                    "pathable": false,
                    "mergeable": false,
                    "no_features": true
                },
                {
                    "weight": [
                        0,
                        0,
                        0,
                        0
                    ],
                    "spec": "/pa/terrain/ice/brushes/ice_crack_01.json",
                    "proj": "BP_Bend",
                    "transform": [
                        0.5160161256790161,
                        -0.5510116219520569,
                        -0.7441191077232361,
                        -339.7548828125,
                        -0.9064326286315918,
                        -0.12676498293876648,
                        -0.5347056984901428,
                        -244.13951110839844,
                        -0.1889631152153015,
                        -0.8966138362884521,
                        0.5328941345214844,
                        243.31239318847656
                    ],
                    "op": "BO_Subtract",
                    "rotation": -0.7399998307228088,
                    "scale": [
                        1.059999942779541,
                        1.059999942779541,
                        1.059999942779541
                    ],
                    "height": 483.9819030761719,
                    "position": [
                        -339.7548828125,
                        -244.1395263671875,
                        -243.3125
                    ],
                    "weightHard": false,
                    "weightScale": [
                        1,
                        1,
                        1
                    ],
                    "mirrored": true,
                    "twinId": 15,
                    "flooded": false,
                    "pathable": false,
                    "mergeable": false,
                    "no_features": true
                },
                {
                    "weight": [
                        0,
                        0,
                        0,
                        0
                    ],
                    "spec": "/pa/terrain/ice/brushes/ice_crack_01.json",
                    "proj": "BP_Bend",
                    "transform": [
                        -0.11002031713724136,
                        0.8308906555175781,
                        -0.05582554638385773,
                        -31.871173858642578,
                        0.31140705943107605,
                        -0.011176496744155884,
                        -0.780064582824707,
                        -445.3440246582031,
                        -0.7723478674888611,
                        -0.1228659451007843,
                        -0.30656611919403076,
                        -175.0206298828125
                    ],
                    "op": "BO_Subtract",
                    "rotation": -1.7999989986419678,
                    "scale": [
                        0.8400001525878906,
                        0.8400001525878906,
                        0.8400001525878906
                    ],
                    "height": 479.5616455078125,
                    "position": [
                        -31.871177673339844,
                        -445.3441162109375,
                        -175.02069091796875
                    ],
                    "weightHard": false,
                    "weightScale": [
                        1,
                        1,
                        1
                    ],
                    "mirrored": false,
                    "twinId": 16,
                    "flooded": false,
                    "pathable": false,
                    "mergeable": false,
                    "no_features": true
                },
                {
                    "weight": [
                        0,
                        0,
                        0,
                        0
                    ],
                    "spec": "/pa/terrain/ice/brushes/ice_crack_01.json",
                    "proj": "BP_Bend",
                    "transform": [
                        -0.11002031713724136,
                        0.8308906555175781,
                        -0.05582554638385773,
                        -31.871173858642578,
                        0.31140705943107605,
                        -0.011176496744155884,
                        -0.780064582824707,
                        -445.3440246582031,
                        0.7723478674888611,
                        0.1228659451007843,
                        0.30656611919403076,
                        175.02061462402344
                    ],
                    "op": "BO_Subtract",
                    "rotation": -1.7999989986419678,
                    "scale": [
                        0.8400001525878906,
                        0.8400001525878906,
                        0.8400001525878906
                    ],
                    "height": 479.5616455078125,
                    "position": [
                        -31.871177673339844,
                        -445.3441162109375,
                        -175.02069091796875
                    ],
                    "weightHard": false,
                    "weightScale": [
                        1,
                        1,
                        1
                    ],
                    "mirrored": true,
                    "twinId": 16,
                    "flooded": false,
                    "pathable": false,
                    "mergeable": false,
                    "no_features": true
                },
                {
                    "weight": [
                        0,
                        0,
                        0,
                        0
                    ],
                    "spec": "/pa/terrain/ice/brushes/ice_crack_01.json",
                    "proj": "BP_Bend",
                    "transform": [
                        -0.13651499152183533,
                        0.8789645433425903,
                        -0.4569299519062042,
                        -219.90203857421875,
                        0.6290370225906372,
                        0.4332394599914551,
                        0.645457923412323,
                        310.63299560546875,
                        0.7652946710586548,
                        -0.19931116700172424,
                        -0.6120448112487793,
                        -294.5526123046875
                    ],
                    "op": "BO_Subtract",
                    "rotation": -0.6999998688697815,
                    "scale": [
                        1,
                        1,
                        1
                    ],
                    "height": 481.2598571777344,
                    "position": [
                        -219.902099609375,
                        310.633056640625,
                        -294.5526123046875
                    ],
                    "weightHard": false,
                    "weightScale": [
                        1,
                        1,
                        1
                    ],
                    "mirrored": false,
                    "twinId": 17,
                    "flooded": false,
                    "pathable": false,
                    "mergeable": false,
                    "no_features": true
                },
                {
                    "weight": [
                        0,
                        0,
                        0,
                        0
                    ],
                    "spec": "/pa/terrain/ice/brushes/ice_crack_01.json",
                    "proj": "BP_Bend",
                    "transform": [
                        -0.13651499152183533,
                        0.8789645433425903,
                        -0.4569299519062042,
                        -219.90203857421875,
                        0.6290370225906372,
                        0.4332394599914551,
                        0.645457923412323,
                        310.63299560546875,
                        -0.7652946710586548,
                        0.19931116700172424,
                        0.6120448112487793,
                        294.5526123046875
                    ],
                    "op": "BO_Subtract",
                    "rotation": -0.6999998688697815,
                    "scale": [
                        1,
                        1,
                        1
                    ],
                    "height": 481.2598571777344,
                    "position": [
                        -219.902099609375,
                        310.633056640625,
                        -294.5526123046875
                    ],
                    "weightHard": false,
                    "weightScale": [
                        1,
                        1,
                        1
                    ],
                    "mirrored": true,
                    "twinId": 17,
                    "flooded": false,
                    "pathable": false,
                    "mergeable": false,
                    "no_features": true
                },
                {
                    "weight": [
                        0,
                        0,
                        0,
                        0
                    ],
                    "spec": "/pa/terrain/ice/brushes/ice_cliff_05.json",
                    "proj": "BP_Bend",
                    "transform": [
                        0.9475494623184204,
                        -0.1908549964427948,
                        -0.2563677132129669,
                        -123.45875549316406,
                        -0.3120450973510742,
                        -0.3789622485637665,
                        -0.8712151050567627,
                        -419.55023193359375,
                        0.06912210583686829,
                        0.9055177569389343,
                        -0.4186408519744873,
                        -201.60447692871094
                    ],
                    "op": "BO_Add",
                    "rotation": -0.21000002324581146,
                    "scale": [
                        1,
                        1,
                        1
                    ],
                    "height": 481.5690612792969,
                    "position": [
                        -123.458740234375,
                        -419.5501708984375,
                        -201.60443115234375
                    ],
                    "weightHard": false,
                    "weightScale": [
                        1,
                        1,
                        1
                    ],
                    "mirrored": false,
                    "twinId": 19,
                    "flooded": false,
                    "pathable": false,
                    "mergeable": false,
                    "no_features": false
                },
                {
                    "weight": [
                        0,
                        0,
                        0,
                        0
                    ],
                    "spec": "/pa/terrain/ice/brushes/ice_cliff_05.json",
                    "proj": "BP_Bend",
                    "transform": [
                        0.9475494623184204,
                        -0.1908549964427948,
                        -0.2563677132129669,
                        -123.45874786376953,
                        -0.3120450973510742,
                        -0.3789622485637665,
                        -0.8712151050567627,
                        -419.5502014160156,
                        -0.06912210583686829,
                        -0.9055177569389343,
                        0.4186408519744873,
                        201.60446166992188
                    ],
                    "op": "BO_Add",
                    "rotation": -0.21000002324581146,
                    "scale": [
                        1,
                        1,
                        1
                    ],
                    "height": 481.5690612792969,
                    "position": [
                        -123.458740234375,
                        -419.5501708984375,
                        -201.60443115234375
                    ],
                    "weightHard": false,
                    "weightScale": [
                        1,
                        1,
                        1
                    ],
                    "mirrored": true,
                    "twinId": 19,
                    "flooded": false,
                    "pathable": false,
                    "mergeable": false,
                    "no_features": false
                },
                {
                    "weight": [
                        0,
                        0,
                        0,
                        0
                    ],
                    "spec": "/pa/terrain/ice/brushes/ice_cliff_01.json",
                    "proj": "BP_Bend",
                    "transform": [
                        0.7504657506942749,
                        -0.6456326246261597,
                        -0.14127838611602783,
                        -67.966064453125,
                        -0.3692556619644165,
                        -0.23231194913387299,
                        -0.8998227715492249,
                        -432.8858337402344,
                        0.5481343269348145,
                        0.7274540066719055,
                        -0.41274571418762207,
                        -198.56329345703125
                    ],
                    "op": "BO_Add",
                    "rotation": 0.48999983072280884,
                    "scale": [
                        1,
                        1,
                        1
                    ],
                    "height": 481.0790100097656,
                    "position": [
                        -67.96607971191406,
                        -432.88592529296875,
                        -198.56336975097656
                    ],
                    "weightHard": false,
                    "weightScale": [
                        1,
                        1,
                        1
                    ],
                    "mirrored": false,
                    "twinId": 20,
                    "flooded": false,
                    "pathable": false,
                    "mergeable": false,
                    "no_features": false
                },
                {
                    "weight": [
                        0,
                        0,
                        0,
                        0
                    ],
                    "spec": "/pa/terrain/ice/brushes/ice_cliff_01.json",
                    "proj": "BP_Bend",
                    "transform": [
                        0.7504657506942749,
                        -0.6456326246261597,
                        -0.14127838611602783,
                        -67.966064453125,
                        -0.3692556619644165,
                        -0.23231194913387299,
                        -0.8998227715492249,
                        -432.8858642578125,
                        -0.5481343269348145,
                        -0.7274540066719055,
                        0.41274571418762207,
                        198.5633087158203
                    ],
                    "op": "BO_Add",
                    "rotation": 0.48999983072280884,
                    "scale": [
                        1,
                        1,
                        1
                    ],
                    "height": 481.0790100097656,
                    "position": [
                        -67.96607971191406,
                        -432.88592529296875,
                        -198.56336975097656
                    ],
                    "weightHard": false,
                    "weightScale": [
                        1,
                        1,
                        1
                    ],
                    "mirrored": true,
                    "twinId": 20,
                    "flooded": false,
                    "pathable": false,
                    "mergeable": false,
                    "no_features": false
                },
                {
                    "weight": [
                        0,
                        0,
                        0,
                        0
                    ],
                    "spec": "/pa/terrain/ice/brushes/ice_cliff_02.json",
                    "proj": "BP_Bend",
                    "transform": [
                        0.991712212562561,
                        -0.10761497914791107,
                        -0.07018471509218216,
                        -33.68560028076172,
                        -0.10761497914791107,
                        -0.39735615253448486,
                        -0.9113327264785767,
                        -437.3999328613281,
                        0.07018471509218216,
                        0.9113327264785767,
                        -0.40564393997192383,
                        -194.69139099121094
                    ],
                    "op": "BO_Add",
