{
    "name": "(NEW) Motherlode",

"creator": "Pwn4two",
	"version": "1",
	"date": "2019/3/20",
	"description": "A map for 1v1 or shared team play.",
    "planets": [
        {
            "name": "El Dorado",
            "mass": 20000,
            "position_x": 34600,
            "position_y": 0,
            "velocity_x": -0.000005254622919892427,
            "velocity_y": 120.21176147460938,
            "required_thrust_to_move": 0,
            "starting_planet": true,
            "respawn": false,
            "start_destroyed": false,
            "min_spawn_delay": 0,
            "max_spawn_delay": 0,
            "planet": {
                "seed": 1538949120,
                "radius": 500,
                "heightRange": 35,
                "waterHeight": 34,
                "waterDepth": 100,
                "temperature": 50,
                "metalDensity": 10,
                "metalClusters": 6,
                "metalSpotLimit": -1,
                "biomeScale": 50,
                "biome": "earth",
                "symmetryType": "terrain and CSG",
                "symmetricalMetal": true,
                "symmetricalStarts": true,
                "numArmies": 2,
                "landingZonesPerArmy": 0,
                "landingZoneSize": 0
            },
            "planetCSG": [
                {
                    "weight": [
                        1,
                        1,
                        1,
                        1
                    ],
                    "spec": "/pa/terrain/ice/brushes/ice_cliff_04.json",
                    "proj": "BP_Bend",
                    "transform": [
                        0.8575525283813477,
                        -0.48321324586868286,
                        0.17637644708156586,
                        86.23463439941406,
                        0.4950292706489563,
                        0.8684368133544922,
                        -0.02763069048523903,
                        -13.509300231933594,
                        -0.13982029259204865,
                        0.11100626736879349,
                        0.9839348793029785,
                        481.0691223144531
                    ],
                    "op": "BO_Add",
                    "rotation": 0.5156287550926208,
                    "scale": [
                        1,
                        1,
                        1
                    ],
                    "height": 488.9237365722656,
                    "position": [
                        86.23464965820312,
                        -13.509302139282227,
                        481.06915283203125
                    ],
                    "weightHard": false,
                    "weightScale": [
                        6,
                        6,
                        6
                    ],
                    "mirrored": false,
                    "twinId": 2,
                    "flooded": false,
                    "pathable": false,
                    "mergeable": false,
                    "no_features": false
                },
                {
                    "weight": [
                        1,
                        1,
                        1,
                        1
                    ],
                    "spec": "/pa/terrain/ice/brushes/ice_cliff_03.json",
                    "proj": "BP_Bend",
                    "transform": [
                        0.07283394783735275,
                        0.9816245436668396,
                        -0.17637547850608826,
                        -88.18299102783203,
                        -0.9972320795059204,
                        0.06902740895748138,
                        -0.027630532160401344,
                        -13.814522743225098,
                        -0.01494806818664074,
                        0.17789971828460693,
                        0.9839350581169128,
                        491.9410400390625
                    ],
                    "op": "BO_Add",
                    "rotation": 4.783955097198486,
                    "scale": [
                        1,
                        1,
                        1
                    ],
                    "height": 499.97308349609375,
                    "position": [
                        -88.18302154541016,
                        -13.814526557922363,
                        491.9411315917969
                    ],
                    "weightHard": false,
                    "weightScale": [
                        5,
                        5,
                        5
                    ],
                    "mirrored": false,
                    "twinId": 3,
                    "flooded": false,
                    "pathable": false,
                    "mergeable": false,
                    "no_features": false
                },
                {
                    "weight": [
                        1,
                        1,
                        1,
                        1
                    ],
                    "spec": "/pa/terrain/ice/brushes/ice_cliff_04.json",
                    "proj": "BP_Bend",
                    "transform": [
                        -0.9883856177330017,
                        -0.13340096175670624,
                        0.07278712093830109,
                        36.60106658935547,
                        0.10007820278406143,
                        -0.9318258166313171,
                        -0.34883370995521545,
                        -175.4113311767578,
                        0.11435966938734055,
                        -0.3374978005886078,
                        0.9343538284301758,
                        469.84063720703125
                    ],
                    "op": "BO_Add",
                    "rotation": 3.0205962657928467,
                    "scale": [
                        1,
                        1,
                        1
                    ],
                    "height": 502.8508605957031,
                    "position": [
                        36.601070404052734,
                        -175.41134643554688,
                        469.84063720703125
                    ],
                    "weightHard": false,
                    "weightScale": [
                        6,
                        6,
                        6
                    ],
                    "mirrored": false,
                    "twinId": 4,
                    "flooded": false,
                    "pathable": false,
                    "mergeable": false,
                    "no_features": false
                },
                {
                    "weight": [
                        1,
                        1,
                        1,
                        1
                    ],
                    "spec": "/pa/terrain/ice/brushes/ice_cliff_04.json",
                    "proj": "BP_Bend",
                    "transform": [
                        0.8575525283813477,
                        -0.48321324586868286,
                        0.17637644708156586,
                        86.23463439941406,
                        0.4950292706489563,
                        0.8684368133544922,
                        -0.02763069048523903,
                        -13.509299278259277,
                        0.13982029259204865,
                        -0.11100626736879349,
                        -0.9839348793029785,
                        -481.0691223144531
                    ],
                    "op": "BO_Add",
                    "rotation": 0.5156287550926208,
                    "scale": [
                        1,
                        1,
                        1
                    ],
                    "height": 488.9237365722656,
                    "position": [
                        86.23464965820312,
                        -13.509302139282227,
                        481.06915283203125
                    ],
                    "weightHard": false,
                    "weightScale": [
                        6,
                        6,
                        6
                    ],
                    "mirrored": true,
                    "twinId": 2,
                    "flooded": false,
                    "pathable": false,
                    "mergeable": false,
                    "no_features": false
                },
                {
                    "weight": [
                        1,
                        1,
                        1,
                        1
                    ],
                    "spec": "/pa/terrain/ice/brushes/ice_cliff_03.json",
                    "proj": "BP_Bend",
                    "transform": [
                        0.07283394783735275,
                        0.9816245436668396,
                        -0.17637547850608826,
                        -88.18299102783203,
                        -0.9972320795059204,
                        0.06902740895748138,
                        -0.027630532160401344,
                        -13.814523696899414,
                        0.01494806818664074,
                        -0.17789971828460693,
                        -0.9839350581169128,
                        -491.9410705566406
                    ],
                    "op": "BO_Add",
                    "rotation": 4.783955097198486,
                    "scale": [
                        1,
                        1,
                        1
                    ],
                    "height": 499.97308349609375,
                    "position": [
                        -88.18302154541016,
                        -13.814526557922363,
                        491.9411315917969
                    ],
                    "weightHard": false,
                    "weightScale": [
                        5,
                        5,
                        5
                    ],
                    "mirrored": true,
                    "twinId": 3,
                    "flooded": false,
                    "pathable": false,
                    "mergeable": false,
                    "no_features": false
                },
                {
                    "weight": [
                        1,
                        1,
                        1,
                        1
                    ],
                    "spec": "/pa/terrain/ice/brushes/ice_cliff_04.json",
                    "proj": "BP_Bend",
                    "transform": [
                        -0.9883856177330017,
                        -0.13340096175670624,
                        0.07278712093830109,
                        36.60106658935547,
                        0.10007820278406143,
                        -0.9318258166313171,
                        -0.34883370995521545,
                        -175.4113311767578,
                        -0.11435966938734055,
                        0.3374978005886078,
                        -0.9343538284301758,
                        -469.8406677246094
                    ],
                    "op": "BO_Add",
                    "rotation": 3.0205962657928467,
                    "scale": [
                        1,
                        1,
                        1
                    ],
                    "height": 502.8508605957031,
                    "position": [
                        36.601070404052734,
                        -175.41134643554688,
                        469.84063720703125
                    ],
                    "weightHard": false,
                    "weightScale": [
                        6,
                        6,
                        6
                    ],
                    "mirrored": true,
                    "twinId": 4,
                    "flooded": false,
                    "pathable": false,
                    "mergeable": false,
                    "no_features": false
                },
                {
                    "weight": [
                        0,
                        0,
                        0,
                        0
                    ],
                    "spec": "/pa/terrain/moon/brushes/moon_crater_02.json",
                    "proj": "BP_Bend",
                    "transform": [
                        3.428896188735962,
                        -0.3572254776954651,
                        0.2943534255027771,
                        41.45488739013672,
                        -0.3572254776954651,
                        -0.6430394053459167,
                        3.3808982372283936,
                        476.1445007324219,
                        -0.2943534255027771,
                        -3.3808982372283936,
                        -0.6741408109664917,
                        -94.94176483154297
                    ],
                    "op": "BO_Subtract",
                    "rotation": 0,
                    "scale": [
                        3.4599976539611816,
                        3.4599976539611816,
                        3.4599976539611816
                    ],
                    "height": 487.28436279296875,
                    "position": [
                        41.45489501953125,
                        476.14453125,
                        -94.94178771972656
                    ],
                    "weightHard": false,
                    "weightScale": [
                        1,
                        1,
                        1
                    ],
                    "mirrored": false,
                    "twinId": 17,
                    "flooded": true,
                    "pathable": true,
                    "mergeable": true,
                    "no_features": false
                },
                {
                    "weight": [
                        0,
                        0,
                        0,
                        0
                    ],
                    "spec": "/pa/terrain/moon/brushes/moon_crater_02.json",
                    "proj": "BP_Bend",
                    "transform": [
                        3.428896188735962,
                        -0.3572254776954651,
                        0.2943534255027771,
                        41.454891204833984,
                        -0.3572254776954651,
                        -0.6430394053459167,
                        3.3808982372283936,
                        476.14453125,
                        0.2943534255027771,
                        3.3808982372283936,
                        0.6741408109664917,
                        94.94176483154297
                    ],
                    "op": "BO_Subtract",
                    "rotation": 0,
                    "scale": [
                        3.4599976539611816,
                        3.4599976539611816,
                        3.4599976539611816
                    ],
                    "height": 487.28436279296875,
                    "position": [
                        41.45489501953125,
                        476.14453125,
                        -94.94178771972656
                    ],
                    "weightHard": false,
                    "weightScale": [
                        1,
                        1,
                        1
                    ],
                    "mirrored": true,
                    "twinId": 17,
                    "flooded": true,
                    "pathable": true,
                    "mergeable": true,
                    "no_features": false
                },
                {
                    "weight": [
                        0,
                        0,
                        0,
                        0
                    ],
                    "spec": "/pa/terrain/desert/brushes/desert_plateau_09.json",
                    "proj": "BP_Bend",
                    "transform": [
                        -0.651833713054657,
                        0.7007079720497131,
                        -0.29003646969795227,
                        -140.8715362548828,
                        -0.37014734745025635,
                        0.03983640670776367,
                        0.9281184673309326,
                        450.7897644042969,
                        0.6618940234184265,
                        0.7123351097106934,
                        0.23339849710464478,
                        113.3623046875
                    ],
                    "op": "BO_Add",
                    "rotation": -2.089998722076416,
                    "scale": [
                        1,
                        1,
                        1
                    ],
                    "height": 485.70281982421875,
                    "position": [
                        -140.87152099609375,
                        450.789794921875,
                        113.36224365234375
                    ],
                    "weightHard": false,
                    "weightScale": [
                        1,
                        1,
                        1
                    ],
                    "mirrored": false,
                    "twinId": 18,
                    "flooded": false,
                    "pathable": false,
                    "mergeable": false,
                    "no_features": false
                },
                {
                    "weight": [
                        0,
                        0,
                        0,
                        0
                    ],
                    "spec": "/pa/terrain/desert/brushes/desert_plateau_09.json",
                    "proj": "BP_Bend",
                    "transform": [
                        -0.651833713054657,
                        0.7007079720497131,
                        -0.29003646969795227,
                        -140.8715362548828,
                        -0.37014734745025635,
                        0.03983640670776367,
                        0.9281184673309326,
                        450.7897644042969,
                        -0.6618940234184265,
                        -0.7123351097106934,
                        -0.23339849710464478,
                        -113.3623046875
                    ],
                    "op": "BO_Add",
                    "rotation": -2.089998722076416,
                    "scale": [
                        1,
                        1,
                        1
                    ],
                    "height": 485.70281982421875,
                    "position": [
                        -140.87152099609375,
                        450.789794921875,
                        113.36224365234375
                    ],
                    "weightHard": false,
                    "weightScale": [
                        1,
                        1,
                        1
                    ],
                    "mirrored": true,
                    "twinId": 18,
                    "flooded": false,
                    "pathable": false,
                    "mergeable": false,
                    "no_features": false
                },
                {
                    "weight": [
                        0,
                        0,
                        0,
                        0
                    ],
                    "spec": "/pa/terrain/desert/brushes/desert_plateau_11.json",
                    "proj": "BP_Bend",
                    "transform": [
                        -0.29773908853530884,
                        0.8706966042518616,
                        -0.39145731925964355,
                        -188.14207458496094,
                        -0.423614501953125,
                        0.24697256088256836,
                        0.8715245723724365,
                        418.871826171875,
                        0.8555126786231995,
                        0.42531394958496094,
                        0.29530632495880127,
                        141.93002319335938
                    ],
                    "op": "BO_Add",
                    "rotation": -1.6099990606307983,
                    "scale": [
                        1,
                        1,
                        1
                    ],
                    "height": 480.61962890625,
                    "position": [
                        -190.09938049316406,
                        423.2295227050781,
                        143.40650939941406
                    ],
                    "weightHard": false,
                    "weightScale": [
                        1,
                        1,
                        1
                    ],
                    "mirrored": false,
                    "twinId": 21,
                    "flooded": false,
                    "pathable": false,
                    "mergeable": false,
                    "no_features": false
                },
                {
                    "weight": [
                        0,
                        0,
                        0,
                        0
                    ],
                    "spec": "/pa/terrain/desert/brushes/desert_plateau_11.json",
                    "proj": "BP_Bend",
                    "transform": [
                        -0.29773908853530884,
                        0.8706966042518616,
                        -0.39145731925964355,
                        -188.14207458496094,
                        -0.423614501953125,
                        0.24697256088256836,
                        0.8715245723724365,
                        418.871826171875,
                        -0.8555126786231995,
                        -0.42531394958496094,
                        -0.29530632495880127,
                        -141.93002319335938
                    ],
                    "op": "BO_Add",
                    "rotation": -1.6099990606307983,
                    "scale": [
                        1,
                        1,
                        1
                    ],
                    "height": 480.61962890625,
                    "position": [
                        -190.09938049316406,
                        423.2295227050781,
                        143.40650939941406
                    ],
                    "weightHard": false,
                    "weightScale": [
                        1,
                        1,
                        1
                    ],
                    "mirrored": true,
                    "twinId": 21,
                    "flooded": false,
                    "pathable": false,
                    "mergeable": false,
                    "no_features": false
                },
                {
                    "weight": [
                        0,
                        0,
                        0,
                        0
                    ],
                    "spec": "/pa/terrain/desert/brushes/desert_plateau_02.json",
                    "proj": "BP_Bend",
                    "transform": [
                        0.8307745456695557,
                        0.2872563898563385,
                        -0.4767572581768036,
                        -231.5333251953125,
                        0.2872563898563385,
                        0.5123888254165649,
                        0.8092846274375916,
                        393.0225524902344,
                        0.4767572581768036,
                        -0.8092846274375916,
                        0.34316331148147583,
                        166.6544952392578
                    ],
                    "op": "BO_Add",
                    "rotation": 0,
                    "scale": [
                        1,
                        1,
                        1
                    ],
                    "height": 485.6419372558594,
                    "position": [
                        -231.53329467773438,
                        393.0224914550781,
                        166.654541015625
                    ],
                    "weightHard": false,
                    "weightScale": [
                        1,
                        1,
                        1
                    ],
                    "mirrored": false,
                    "twinId": 22,
                    "flooded": false,
                    "pathable": false,
                    "mergeable": false,
                    "no_features": false
                },
                {
                    "weight": [
                        0,
                        0,
                        0,
                        0
                    ],
                    "spec": "/pa/terrain/desert/brushes/desert_plateau_02.json",
                    "proj": "BP_Bend",
                    "transform": [
                        0.8307745456695557,
                        0.2872563898563385,
                        -0.4767572581768036,
                        -231.5333251953125,
                        0.2872563898563385,
                        0.5123888254165649,
                        0.8092846274375916,
                        393.02252197265625,
                        -0.4767572581768036,
                        0.8092846274375916,
                        -0.34316331148147583,
                        -166.6544952392578
                    ],
                    "op": "BO_Add",
                    "rotation": 0,
                    "scale": [
                        1,
                        1,
                        1
                    ],
                    "height": 485.6419372558594,
                    "position": [
                        -231.53329467773438,
                        393.0224914550781,
                        166.654541015625
                    ],
                    "weightHard": false,
                    "weightScale": [
                        1,
                        1,
                        1
                    ],
                    "mirrored": true,
                    "twinId": 22,
                    "flooded": false,
                    "pathable": false,
                    "mergeable": false,
                    "no_features": false
                },
                {
                    "weight": [
                        0,
                        0,
                        0,
                        0
                    ],
                    "spec": "/pa/terrain/desert/brushes/desert_plateau_11.json",
                    "proj": "BP_Bend",
                    "transform": [
                        0.37260302901268005,
                        -0.7255655527114868,
                        -0.5785514116287231,
                        -279.1957702636719,
                        0.6426212787628174,
                        -0.2480330765247345,
                        0.7249258756637573,
                        349.832763671875,
                        -0.669481098651886,
                        -0.641899049282074,
                        0.3738459348678589,
                        180.40956115722656
                    ],
                    "op": "BO_Add",
                    "rotation": 1.4799991846084595,
                    "scale": [
                        1,
                        1,
                        1
                    ],
                    "height": 482.5773010253906,
                    "position": [
                        -280.9314270019531,
                        352.0075378417969,
                        181.53109741210938
                    ],
                    "weightHard": false,
                    "weightScale": [
                        1,
                        1,
                        1
                    ],
                    "mirrored": false,
                    "twinId": 23,
                    "flooded": false,
                    "pathable": false,
                    "mergeable": false,
                    "no_features": false
                },
                {
                    "weight": [
                        0,
                        0,
                        0,
                        0
                    ],
                    "spec": "/pa/terrain/desert/brushes/desert_plateau_11.json",
                    "proj": "BP_Bend",
                    "transform": [
                        0.37260302901268005,
                        -0.7255655527114868,
                        -0.5785514116287231,
                        -279.1957702636719,
                        0.6426212787628174,
                        -0.2480330765247345,
                        0.7249258756637573,
                        349.832763671875,
                        0.669481098651886,
                        0.641899049282074,
                        -0.3738459348678589,
                        -180.40956115722656
                    ],
                    "op": "BO_Add",
                    "rotation": 1.4799991846084595,
                    "scale": [
                        1,
                        1,
                        1
                    ],
                    "height": 482.5773010253906,
                    "position": [
                        -280.9314270019531,
                        352.0075378417969,
                        181.53109741210938
                    ],
                    "weightHard": false,
                    "weightScale": [
                        1,
                        1,
                        1
                    ],
                    "mirrored": true,
                    "twinId": 23,
                    "flooded": false,
                    "pathable": false,
                    "mergeable": false,
                    "no_features": false
                },
                {
                    "weight": [
                        0,
                        0,
                        0,
                        0
                    ],
                    "spec": "/pa/terrain/desert/brushes/desert_plateau_09.json",
                    "proj": "BP_Bend",
                    "transform": [
                        0.7403619885444641,
                        -0.1249573826789856,
                        -0.6604921221733093,
                        -320.0623779296875,
                        0.6407324075698853,
                        0.42832958698272705,
                        0.6371779441833496,
                        308.7647399902344,
                        0.2032882273197174,
                        -0.8949410915374756,
                        0.3971831798553467,
                        192.46768188476562
                    ],
                    "op": "BO_Add",
                    "rotation": 0.5799999833106995,
                    "scale": [
                        1,
                        1,
                        1
                    ],
                    "height": 484.5816650390625,
                    "position": [
                        -320.7228698730469,
                        309.40191650390625,
                        192.8648681640625
                    ],
                    "weightHard": false,
                    "weightScale": [
                        1,
                        1,
                        1
                    ],
                    "mirrored": false,
                    "twinId": 24,
                    "flooded": false,
                    "pathable": false,
                    "mergeable": false,
                    "no_features": false
                },
                {
                    "weight": [
                        0,
                        0,
                        0,
                        0
                    ],
                    "spec": "/pa/terrain/desert/brushes/desert_plateau_09.json",
                    "proj": "BP_Bend",
                    "transform": [
                        0.7403619885444641,
                        -0.1249573826789856,
                        -0.6604921221733093,
                        -320.0623779296875,
                        0.6407324075698853,
                        0.42832958698272705,
                        0.6371779441833496,
                        308.7647399902344,
                        -0.2032882273197174,
                        0.8949410915374756,
                        -0.3971831798553467,
                        -192.46768188476562
                    ],
                    "op": "BO_Add",
                    "rotation": 0.5799999833106995,
                    "scale": [
                        1,
                        1,
                        1
                    ],
                    "height": 484.5816650390625,
                    "position": [
                        -320.7228698730469,
                        309.40191650390625,
                        192.8648681640625
                    ],
                    "weightHard": false,
                    "weightScale": [
                        1,
                        1,
                        1
                    ],
                    "mirrored": true,
                    "twinId": 24,
                    "flooded": false,
                    "pathable": false,
                    "mergeable": false,
                    "no_features": false
                },
                {
                    "weight": [
                        0,
                        0,
                        0,
                        0
                    ],
                    "spec": "/pa/terrain/desert/brushes/desert_plateau_10.json",
                    "proj": "BP_Bend",
                    "transform": [
                        0.707338273525238,
                        0.24803932011127472,
                        -0.6619283556938171,
                        -316.8371276855469,
                        0.24803932011127472,
                        0.7897794842720032,
                        0.5610035061836243,
                        268.5286865234375,
                        0.6619283556938171,
                        -0.5610035061836243,
                        0.4971177577972412,
                        237.9492645263672
                    ],
                    "op": "BO_Add",
                    "rotation": 0,
                    "scale": [
                        1,
                        1,
                        1
                    ],
                    "height": 478.6577453613281,
                    "position": [
                        -321.4706115722656,
                        272.4556884765625,
                        241.4290771484375
                    ],
                    "weightHard": false,
                    "weightScale": [
                        1,
                        1,
                        1
                    ],
                    "mirrored": false,
                    "twinId": 25,
                    "flooded": false,
                    "pathable": false,
                    "mergeable": false,
                    "no_features": false
                },
                {
                    "weight": [
                        0,
                        0,
                        0,
                        0
                    ],
                    "spec": "/pa/terrain/desert/brushes/desert_plateau_10.json",
                    "proj": "BP_Bend",
                    "transform": [
                        0.707338273525238,
                        0.24803932011127472,
                        -0.6619283556938171,
                        -316.8371276855469,
                        0.24803932011127472,
                        0.7897794842720032,
                        0.5610035061836243,
                        268.5286865234375,
                        -0.6619283556938171,
                        0.5610035061836243,
                        -0.4971177577972412,
                        -237.9492645263672
                    ],
                    "op": "BO_Add",
                    "rotation": 0,
                    "scale": [
                        1,
                        1,
                        1
                    ],
                    "height": 478.6577453613281,
                    "position": [
                        -321.4706115722656,
                        272.4556884765625,
                        241.4290771484375
                    ],
                    "weightHard": false,
                    "weightScale": [
                        1,
                        1,
                        1
                    ],
                    "mirrored": true,
                    "twinId": 25,
                    "flooded": false,
                    "pathable": false,
                    "mergeable": false,
                    "no_features": false
                },
                {
                    "weight": [
                        0,
                        0,
                        0,
                        0
                    ],
                    "spec": "/pa/terrain/desert/brushes/desert_plateau_08.json",
                    "proj": "BP_Bend",
                    "transform": [
                        0.6850347518920898,
                        -0.2953343689441681,
                        -0.6659616231918335,
                        -321.4104919433594,
                        0.6948703527450562,
                        0.5394646525382996,
                        0.475534588098526,
                        229.50543212890625,
                        0.2188209891319275,
                        -0.7885146141052246,
                        0.5747711062431335,
                        277.3995666503906
                    ],
                    "op": "BO_Add",
                    "rotation": 0.6799996495246887,
                    "scale": [
                        1,
                        1,
                        1
                    ],
                    "height": 482.62615966796875,
                    "position": [
                        -323.408447265625,
                        230.9320831298828,
                        279.1238708496094
                    ],
                    "weightHard": false,
                    "weightScale": [
                        1,
                        1,
                        1
                    ],
                    "mirrored": false,
                    "twinId": 26,
                    "flooded": false,
                    "pathable": false,
                    "mergeable": false,
                    "no_features": false
                },
                {
                    "weight": [
                        0,
                        0,
                        0,
                        0
                    ],
                    "spec": "/pa/terrain/desert/brushes/desert_plateau_08.json",
                    "proj": "BP_Bend",
                    "transform": [
                        0.6850347518920898,
                        -0.2953343689441681,
                        -0.6659616231918335,
                        -321.4104919433594,
                        0.6948703527450562,
                        0.5394646525382996,
                        0.475534588098526,
                        229.5054168701172,
                        -0.2188209891319275,
                        0.7885146141052246,
                        -0.5747711062431335,
                        -277.3995666503906
                    ],
                    "op": "BO_Add",
                    "rotation": 0.6799996495246887,
                    "scale": [
                        1,
                        1,
                        1
                    ],
                    "height": 482.62615966796875,
                    "position": [
                        -323.408447265625,
                        230.9320831298828,
                        279.1238708496094
                    ],
                    "weightHard": false,
