{
    "name": "Pwning Grounds",
 
"creator": "Pwn4two",
	"version": "1",
	"date": "2018/08/25",
	"description": "A map designed for 1v1 play or 2v2 shared.",
   "planets": [
        {
            "name": "Pwn",
            "mass": 10000,
            "position_x": 38700,
            "position_y": -600,
            "velocity_x": 1.7619366645812988,
            "velocity_y": 113.64523315429688,
            "required_thrust_to_move": 0,
            "starting_planet": true,
            "respawn": false,
            "start_destroyed": false,
            "min_spawn_delay": 0,
            "max_spawn_delay": 0,
            "planet": {
                "seed": 942600384,
                "radius": 400,
                "heightRange": 35,
                "waterHeight": 51,
                "waterDepth": 100,
                "temperature": 44,
                "metalDensity": 0,
                "metalClusters": 0,
                "metalSpotLimit": -1,
                "biomeScale": 50,
                "biome": "tropical",
                "symmetryType": "terrain and CSG",
                "symmetricalMetal": true,
                "symmetricalStarts": true,
                "numArmies": 2,
                "landingZonesPerArmy": 0,
                "landingZoneSize": 0
            },
            "planetCSG": [
                {
                    "weight": [
                        1,
                        1,
                        1,
                        1
                    ],
                    "spec": "/pa/terrain/ice/brushes/ice_cliff_09.json",
                    "proj": "BP_Bend",
                    "transform": [
                        0.2583135664463043,
                        0.9484127759933472,
                        -0.18381324410438538,
                        -74.31240844726562,
                        -0.8998416662216187,
                        0.1669800579547882,
                        -0.4029920995235443,
                        -162.92250061035156,
                        -0.3515097200870514,
                        0.2695011496543884,
                        0.8965545296669006,
                        362.4609375
                    ],
                    "op": "BO_Add",
                    "rotation": 4.9385576248168945,
                    "scale": [
                        1,
                        1,
                        1
                    ],
                    "height": 404.2821044921875,
                    "position": [
                        -74.31240844726562,
                        -162.92250061035156,
                        362.4609680175781
                    ],
                    "weightHard": true,
                    "weightScale": [
                        2,
                        2,
                        2
                    ],
                    "mirrored": false,
                    "twinId": 1,
                    "flooded": false,
                    "pathable": false,
                    "mergeable": false,
                    "no_features": false
                },
                {
                    "weight": [
                        1,
                        1,
                        1,
                        1
                    ],
                    "spec": "/pa/terrain/ice/brushes/ice_cliff_04.json",
                    "proj": "BP_Bend",
                    "transform": [
                        0.9803069233894348,
                        0.0629124864935875,
                        -0.18719105422496796,
                        -76.18269348144531,
                        -0.12500157952308655,
                        0.9315118193626404,
                        -0.3415558338165283,
                        -139.00579833984375,
                        0.15288254618644714,
                        0.3582287132740021,
                        0.9210315942764282,
                        374.83984375
                    ],
                    "op": "BO_Add",
                    "rotation": 6.185209274291992,
                    "scale": [
                        1,
                        1,
                        1
                    ],
                    "height": 406.978271484375,
                    "position": [
                        -76.18267059326172,
                        -139.00576782226562,
                        374.8398132324219
                    ],
                    "weightHard": false,
                    "weightScale": [
                        6,
                        6,
                        6
                    ],
                    "mirrored": false,
                    "twinId": 2,
                    "flooded": false,
                    "pathable": false,
                    "mergeable": false,
                    "no_features": false
                },
                {
                    "weight": [
                        1,
                        1,
                        1,
                        1
                    ],
                    "spec": "/pa/terrain/ice/brushes/ice_cliff_04.json",
                    "proj": "BP_Bend",
                    "transform": [
                        0.39690297842025757,
                        0.9178605675697327,
                        -2.0492311847419842e-8,
                        -0.000008590459401602857,
                        -0.8107456564903259,
                        0.35058414936065674,
                        0.46880942583084106,
                        196.52679443359375,
                        0.430301696062088,
                        -0.18607184290885925,
                        0.8832993507385254,
                        370.2826232910156
                    ],
                    "op": "BO_Add",
                    "rotation": 5.1205291748046875,
                    "scale": [
                        1,
                        1,
                        1
                    ],
                    "height": 419.2040100097656,
                    "position": [
                        -0.000008590458492108155,
                        196.5267791748047,
                        370.2826843261719
                    ],
                    "weightHard": false,
                    "weightScale": [
                        6,
                        6,
                        6
                    ],
                    "mirrored": false,
                    "twinId": 3,
                    "flooded": false,
                    "pathable": false,
                    "mergeable": false,
                    "no_features": false
                },
                {
                    "weight": [
                        1,
                        1,
                        1,
                        1
                    ],
                    "spec": "/pa/terrain/ice/brushes/ice_cliff_02.json",
                    "proj": "BP_Bend",
                    "transform": [
                        -0.9965401887893677,
                        0.05142302066087723,
                        0.06529395282268524,
                        27.418169021606445,
                        -0.056119248270988464,
                        -0.9958062171936035,
                        -0.07225362211465836,
                        -30.340667724609375,
                        0.06130462512373924,
                        -0.07566788792610168,
                        0.9952467679977417,
                        417.9230041503906
                    ],
                    "op": "BO_Add",
                    "rotation": 3.1955180168151855,
                    "scale": [
                        1,
                        1,
                        1
                    ],
                    "height": 419.9189758300781,
                    "position": [
                        27.418174743652344,
                        -30.34067153930664,
                        417.9230651855469
                    ],
                    "weightHard": false,
                    "weightScale": [
                        4,
                        4,
                        4
                    ],
                    "mirrored": false,
                    "twinId": 4,
                    "flooded": false,
                    "pathable": false,
                    "mergeable": false,
                    "no_features": false
                },
                {
                    "weight": [
                        1,
                        1,
                        1,
                        1
                    ],
                    "spec": "/pa/terrain/ice/brushes/ice_cliff_02.json",
                    "proj": "BP_Bend",
                    "transform": [
                        0.3312346041202545,
                        0.923763632774353,
                        0.19220946729183197,
                        80.38780212402344,
                        -0.9055584669113159,
                        0.36845412850379944,
                        -0.2102508395910263,
                        -87.9332504272461,
                        -0.2650424540042877,
                        -0.10441456735134125,
                        0.9585666656494141,
                        400.9015197753906
                    ],
                    "op": "BO_Add",
                    "rotation": 5.0777058601379395,
                    "scale": [
                        1,
                        1,
                        1
                    ],
                    "height": 418.2301940917969,
                    "position": [
                        80.38780212402344,
                        -87.93324279785156,
                        400.90155029296875
                    ],
                    "weightHard": false,
                    "weightScale": [
                        4,
                        4,
                        4
                    ],
                    "mirrored": false,
                    "twinId": 5,
                    "flooded": false,
                    "pathable": false,
                    "mergeable": false,
                    "no_features": false
                },
                {
                    "weight": [
                        1,
                        1,
                        1,
                        1
                    ],
                    "spec": "/pa/terrain/ice/brushes/ice_cliff_01.json",
                    "proj": "BP_Bend",
                    "transform": [
                        -0.6571192741394043,
                        0.6508428454399109,
                        0.380260169506073,
                        159.0185546875,
                        -0.7352864742279053,
                        -0.6645305752754211,
                        -0.13324028253555298,
                        -55.71889877319336,
                        0.16597603261470795,
                        -0.36715495586395264,
                        0.9152317047119141,
                        382.73486328125
                    ],
                    "op": "BO_Add",
                    "rotation": 3.950798988342285,
                    "scale": [
                        1,
                        1,
                        1
                    ],
                    "height": 418.18353271484375,
                    "position": [
                        159.0185546875,
                        -55.71889877319336,
                        382.73486328125
                    ],
                    "weightHard": false,
                    "weightScale": [
                        4,
                        4,
                        4
                    ],
                    "mirrored": false,
                    "twinId": 6,
                    "flooded": false,
                    "pathable": false,
                    "mergeable": false,
                    "no_features": false
                },
                {
                    "weight": [
                        1,
                        1,
                        1,
                        1
                    ],
                    "spec": "/pa/terrain/ice/brushes/ice_cliff_03.json",
                    "proj": "BP_Bend",
                    "transform": [
                        -0.9400463700294495,
                        -0.14495232701301575,
                        0.3087097108364105,
                        128.70437622070312,
                        0.036802053451538086,
                        -0.9430115222930908,
                        -0.33071866631507874,
                        -137.88014221191406,
                        0.33905526995658875,
                        -0.2995297312736511,
                        0.8918091058731079,
                        371.80474853515625
                    ],
                    "op": "BO_Add",
                    "rotation": 3.045369863510132,
                    "scale": [
                        1,
                        1,
                        1
                    ],
                    "height": 416.9106750488281,
                    "position": [
                        128.7043914794922,
                        -137.88014221191406,
                        371.80474853515625
                    ],
                    "weightHard": false,
                    "weightScale": [
                        5,
                        5,
                        5
                    ],
                    "mirrored": false,
                    "twinId": 7,
                    "flooded": false,
                    "pathable": false,
                    "mergeable": false,
                    "no_features": false
                },
                {
                    "weight": [
                        1,
                        1,
                        1,
                        1
                    ],
                    "spec": "/pa/terrain/ice/brushes/ice_cliff_02.json",
                    "proj": "BP_Bend",
                    "transform": [
                        0.23041242361068726,
                        0.8722424507141113,
                        0.4313966929912567,
                        182.3689727783203,
                        -0.9586122632026672,
                        0.12726278603076935,
                        0.25468945503234863,
                        107.66761779785156,
                        0.16725021600723267,
                        -0.47222578525543213,
                        0.8654652833938599,
                        365.8674621582031
                    ],
                    "op": "BO_Add",
                    "rotation": 4.905318737030029,
                    "scale": [
                        1,
                        1,
                        1
                    ],
                    "height": 422.74078369140625,
                    "position": [
                        182.36895751953125,
                        107.66761016845703,
                        365.86749267578125
                    ],
                    "weightHard": false,
                    "weightScale": [
                        4,
                        4,
                        4
                    ],
                    "mirrored": false,
                    "twinId": 8,
                    "flooded": false,
                    "pathable": false,
                    "mergeable": false,
                    "no_features": false
                },
                {
                    "weight": [
                        1,
                        1,
                        1,
                        1
                    ],
                    "spec": "/pa/terrain/mountain/brushes/mountain_plateau_04.json",
                    "proj": "BP_Bend",
                    "transform": [
                        0.30665847659111023,
                        0.7580607533454895,
                        0.8177381753921509,
                        303.7409973144531,
                        -1.0720598697662354,
                        0.43368062376976013,
                        -5.981424244794198e-10,
                        -2.221742647634528e-7,
                        -0.306658536195755,
                        -0.758060872554779,
                        0.8177380561828613,
                        303.740966796875
                    ],
                    "op": "BO_Add",
                    "rotation": 5.096794605255127,
                    "scale": [
                        1.1564563512802124,
                        1.1564563512802124,
                        1.1564563512802124
                    ],
                    "height": 429.55462646484375,
                    "position": [
                        303.74102783203125,
                        -2.221742647634528e-7,
                        303.740966796875
                    ],
                    "weightHard": false,
                    "weightScale": [
                        4,
                        4,
                        4
                    ],
                    "mirrored": false,
                    "twinId": 9,
                    "flooded": false,
                    "pathable": false,
                    "mergeable": false,
                    "no_features": false
                },
                {
                    "weight": [
                        1,
                        1,
                        1,
                        1
                    ],
                    "spec": "/pa/terrain/mountain/brushes/mountain_plateau_04.json",
                    "proj": "BP_Bend",
                    "transform": [
                        0.018021173775196075,
                        0.5387178063392639,
                        0.6511227488517761,
                        332.5265808105469,
                        -0.7294116616249084,
                        -0.31897929310798645,
                        0.2841010093688965,
                        145.089599609375,
                        0.42677444219589233,
                        -0.5679241418838501,
                        0.4580700993537903,
                        233.93511962890625
                    ],
                    "op": "BO_Add",
                    "rotation": 4.47937536239624,
                    "scale": [
                        0.8452824950218201,
                        0.8452824950218201,
                        0.8452824950218201
                    ],
                    "height": 431.68341064453125,
                    "position": [
                        332.526611328125,
                        145.08961486816406,
                        233.9351348876953
                    ],
                    "weightHard": false,
                    "weightScale": [
                        4,
                        4,
                        4
                    ],
                    "mirrored": false,
                    "twinId": 10,
                    "flooded": false,
                    "pathable": false,
                    "mergeable": false,
                    "no_features": false
                },
                {
                    "weight": [
                        1,
                        1,
                        1,
                        1
                    ],
                    "spec": "/pa/terrain/mountain/brushes/mountain_plateau_02.json",
                    "proj": "BP_Bend",
                    "transform": [
                        0.27885979413986206,
                        0.4796614646911621,
                        0.8210259675979614,
                        359.2627868652344,
                        -0.8779386281967163,
                        -0.19874493777751923,
                        0.414301335811615,
                        181.28909301757812,
                        0.3652154803276062,
                        -0.8440064191818237,
                        0.36904242634773254,
                        161.48480224609375
                    ],
                    "op": "BO_Add",
                    "rotation": 4.771332740783691,
                    "scale": [
                        0.9909194707870483,
                        0.9909194707870483,
                        0.9909194707870483
                    ],
                    "height": 433.60443115234375,
                    "position": [
                        359.2627258300781,
                        181.2890625,
                        161.48486328125
                    ],
                    "weightHard": false,
                    "weightScale": [
                        4,
                        4,
                        4
                    ],
                    "mirrored": false,
                    "twinId": 11,
                    "flooded": false,
                    "pathable": false,
                    "mergeable": false,
                    "no_features": false
                },
                {
                    "weight": [
                        1,
                        1,
                        1,
                        1
                    ],
                    "spec": "/pa/terrain/mountain/brushes/mountain_plateau_04.json",
                    "proj": "BP_Bend",
                    "transform": [
                        0.44783252477645874,
                        0.547844409942627,
                        0.8084714412689209,
                        324.868408203125,
                        -0.9691158533096313,
                        0.3592378795146942,
                        0.293387234210968,
                        117.89190673828125,
                        -0.12072247266769409,
                        -0.8515445590019226,
                        0.6439033150672913,
                        258.73992919921875
                    ],
                    "op": "BO_Add",
                    "rotation": 5.201332092285156,
                    "scale": [
                        1.0743898153305054,
                        1.0743898153305054,
                        1.0743898153305054
                    ],
                    "height": 431.7225036621094,
                    "position": [
                        324.8683776855469,
                        117.89189910888672,
                        258.7399597167969
                    ],
                    "weightHard": false,
                    "weightScale": [
                        4,
                        4,
                        4
                    ],
                    "mirrored": false,
                    "twinId": 12,
                    "flooded": false,
                    "pathable": false,
                    "mergeable": false,
                    "no_features": false
                },
                {
                    "weight": [
                        1,
                        1,
                        1,
                        1
                    ],
                    "spec": "/pa/terrain/jungle/brushes/jungle_plateau_01.json",
                    "proj": "BP_Bend",
                    "transform": [
                        -0.1184648871421814,
                        -0.29430216550827026,
                        1.0515305995941162,
                        397.6053466796875,
                        0.9072680473327637,
                        -0.6150915026664734,
                        -0.06993933022022247,
                        -26.445499420166016,
                        0.607614278793335,
                        0.8610534071922302,
                        0.30944499373435974,
                        117.00751495361328
                    ],
                    "op": "BO_Add",
                    "rotation": 2.118899345397949,
                    "scale": [
                        1.09834623336792,
                        1.09834623336792,
                        1.09834623336792
                    ],
                    "height": 415.3072814941406,
                    "position": [
                        397.6053771972656,
                        -26.445499420166016,
                        117.00747680664062
                    ],
                    "weightHard": false,
                    "weightScale": [
                        1,
                        1,
                        1
                    ],
                    "mirrored": false,
                    "twinId": 13,
                    "flooded": false,
                    "pathable": false,
                    "mergeable": false,
                    "no_features": false
                },
                {
                    "weight": [
                        1,
                        1,
                        1,
                        1
                    ],
                    "spec": "/pa/terrain/jungle/brushes/jungle_plateau_01.json",
                    "proj": "BP_Bend",
                    "transform": [
                        0.9883668422698975,
                        0.09382642805576324,
                        0.21023206412792206,
                        87.56919860839844,
                        -0.2270563691854477,
                        0.24418994784355164,
                        0.9584813714027405,
                        399.24188232421875,
                        0.03803050518035889,
                        -0.980529248714447,
                        0.2588161528110504,
                        107.80621337890625
                    ],
                    "op": "BO_Add",
                    "rotation": 6.028499603271484,
                    "scale": [
                        1.0148251056671143,
                        1.0148251056671143,
                        1.0148251056671143
                    ],
                    "height": 422.7110900878906,
                    "position": [
                        87.56920623779297,
                        399.2419128417969,
                        107.80619812011719
                    ],
                    "weightHard": false,
                    "weightScale": [
                        1,
                        1,
                        1
                    ],
                    "mirrored": false,
                    "twinId": 16,
                    "flooded": false,
                    "pathable": false,
                    "mergeable": false,
                    "no_features": false
                },
                {
                    "weight": [
                        1,
                        1,
                        1,
                        1
                    ],
                    "spec": "/pa/terrain/jungle/brushes/jungle_plateau_01.json",
                    "proj": "BP_Bend",
                    "transform": [
                        0.6729698181152344,
                        1.0136172771453857,
                        0.44716140627861023,
                        144.78738403320312,
                        -0.3891761600971222,
                        -0.27356094121932983,
                        1.2058058977127075,
                        390.4305725097656,
                        1.03726327419281,
                        -0.7602671384811401,
                        0.16229701042175293,
                        52.550506591796875
                    ],
                    "op": "BO_Add",
                    "rotation": 4.989772796630859,
                    "scale": [
                        1.2962491512298584,
                        1.2962491512298584,
                        1.2962491512298584
                    ],
                    "height": 419.71539306640625,
                    "position": [
                        144.7873992919922,
                        390.4306335449219,
                        52.55048751831055
                    ],
                    "weightHard": false,
                    "weightScale": [
                        1,
                        1,
                        1
                    ],
                    "mirrored": false,
                    "twinId": 17,
                    "flooded": false,
                    "pathable": false,
                    "mergeable": false,
                    "no_features": false
                },
                {
                    "weight": [
                        1,
                        1,
                        1,
                        1
                    ],
                    "spec": "/pa/terrain/jungle/brushes/jungle_volcano_06.json",
                    "proj": "BP_Bend",
                    "transform": [
                        -0.7557700276374817,
                        0.45719727873802185,
                        -0.46880942583084106,
                        -194.57261657714844,
                        -0.4011235237121582,
                        0.24265652894973755,
                        0.8832992911338806,
                        366.6006774902344,
                        0.517601728439331,
                        0.8556216955184937,
                        0,
                        0
                    ],
                    "op": "BO_Add",
                    "rotation": 4.173580646514893,
                    "scale": [
                        1,
                        1,
                        1
                    ],
                    "height": 415.03564453125,
                    "position": [
                        -194.57261657714844,
                        366.6007080078125,
                        0
                    ],
                    "weightHard": false,
                    "weightScale": [
                        1,
                        1,
                        1
                    ],
                    "mirrored": false,
                    "twinId": 0,
                    "flooded": false,
                    "pathable": false,
                    "mergeable": false,
                    "no_features": false
                },
                {
                    "weight": [
                        1,
                        1,
                        1,
                        1
                    ],
                    "spec": "/pa/terrain/jungle/brushes/jungle_volcano_06.json",
                    "proj": "BP_Bend",
                    "transform": [
                        -0.11153417825698853,
                        0.4113963842391968,
                        -0.9046065807342529,
                        -375.2669677734375,
                        -0.6587701439857483,
                        0.6509252190589905,
                        0.37725088000297546,
                        156.49874877929688,
                        0.7440308332443237,
                        0.6380041837692261,
                        0.19841527938842773,
                        82.31058502197266
                    ],
                    "op": "BO_Add",
                    "rotation": 5.179251670837402,
                    "scale": [
                        1,
                        1,
                        1
                    ],
                    "height": 414.8399658203125,
                    "position": [
                        -375.26702880859375,
                        156.498779296875,
                        82.31058502197266
                    ],
                    "weightHard": false,
                    "weightScale": [
                        1,
                        1,
                        1
                    ],
                    "mirrored": false,
                    "twinId": 18,
                    "flooded": false,
                    "pathable": false,
                    "mergeable": false,
                    "no_features": false
                },
                {
                    "weight": [
                        1,
                        1,
                        1,
                        1
                    ],
                    "spec": "/pa/terrain/ice/brushes/ice_cliff_09.json",
                    "proj": "BP_Bend",
                    "transform": [
                        0.2583135664463043,
                        0.9484127759933472,
                        -0.18381324410438538,
                        -74.31240844726562,
                        -0.8998416662216187,
                        0.1669800579547882,
                        -0.4029920995235443,
                        -162.92250061035156,
                        0.3515097200870514,
                        -0.2695011496543884,
                        -0.8965545296669006,
                        -362.4609375
                    ],
                    "op": "BO_Add",
                    "rotation": 4.9385576248168945,
                    "scale": [
                        1,
                        1,
                        1
                    ],
                    "height": 404.2821044921875,
                    "position": [
                        -74.31240844726562,
                        -162.92250061035156,
                        362.4609680175781
                    ],
                    "weightHard": true,
                    "weightScale": [
                        2,
                        2,
                        2
                    ],
                    "mirrored": true,
                    "twinId": 1,
                    "flooded": false,
                    "pathable": false,
                    "mergeable": false,
                    "no_features": false
                },
                {
                    "weight": [
                        1,
                        1,
                        1,
                        1
                    ],
                    "spec": "/pa/terrain/ice/brushes/ice_cliff_04.json",
                    "proj": "BP_Bend",
                    "transform": [
                        0.9803069233894348,
                        0.0629124864935875,
                        -0.18719105422496796,
                        -76.18270111083984,
                        -0.12500157952308655,
                        0.9315118193626404,
                        -0.3415558338165283,
                        -139.00579833984375,
                        -0.15288254618644714,
                        -0.3582287132740021,
                        -0.9210315942764282,
                        -374.83984375
                    ],
                    "op": "BO_Add",
                    "rotation": 6.185209274291992,
                    "scale": [
                        1,
                        1,
                        1
                    ],
                    "height": 406.978271484375,
                    "position": [
                        -76.18267059326172,
                        -139.00576782226562,
                        374.8398132324219
                    ],
                    "weightHard": false,
                    "weightScale": [
                        6,
                        6,
                        6
                    ],
                    "mirrored": true,
                    "twinId": 2,
                    "flooded": false,
                    "pathable": false,
                    "mergeable": false,
                    "no_features": false
                },
                {
                    "weight": [
                        1,
                        1,
                        1,
                        1
                    ],
                    "spec": "/pa/terrain/ice/brushes/ice_cliff_04.json",
                    "proj": "BP_Bend",
                    "transform": [
                        0.39690297842025757,
                        0.9178605675697327,
                        -2.0492311847419842e-8,
                        -0.000008590459401602857,
                        -0.8107456564903259,
                        0.35058414936065674,
                        0.46880942583084106,
                        196.52679443359375,
                        -0.430301696062088,
                        0.18607184290885925,
                        -0.8832993507385254,
                        -370.2826232910156
                    ],
                    "op": "BO_Add",
                    "rotation": 5.1205291748046875,
                    "scale": [
                        1,
                        1,
                        1
                    ],
                    "height": 419.2040100097656,
                    "position": [
                        -0.000008590458492108155,
                        196.5267791748047,
                        370.2826843261719
                    ],
                    "weightHard": false,
                    "weightScale": [
                        6,
                        6,
                        6
                    ],
                    "mirrored": true,
                    "twinId": 3,
                    "flooded": false,
                    "pathable": false,
                    "mergeable": false,
                    "no_features": false
                },
                {
                    "weight": [
                        1,
                        1,
                        1,
                        1
                    ],
                    "spec": "/pa/terrain/ice/brushes/ice_cliff_02.json",
                    "proj": "BP_Bend",
                    "transform": [
                        -0.9965401887893677,
                        0.05142302066087723,
                        0.06529395282268524,
                        27.418169021606445,
                        -0.056119248270988464,
                        -0.9958062171936035,
                        -0.07225362211465836,
                        -30.340667724609375,
                        -0.06130462512373924,
                        0.07566788792610168,
                        -0.9952467679977417,
                        -417.9230041503906
                    ],
                    "op": "BO_Add",
                    "rotation": 3.1955180168151855,
                    "scale": [
                        1,
                        1,
                        1
                    ],
                    "height": 419.9189758300781,
                    "position": [
                        27.418174743652344,
                        -30.34067153930664,
                        417.9230651855469
                    ],
                    "weightHard": false,
                    "weightScale": [
                        4,
                        4,
                        4
                    ],
                    "mirrored": true,
                    "twinId": 4,
                    "flooded": false,
                    "pathable": false,
                    "mergeable": false,
                    "no_features": false
                },
                {
                    "weight": [
                        1,
                        1,
                        1,
                        1
                    ],
                    "spec": "/pa/terrain/ice/brushes/ice_cliff_02.json",
                    "proj": "BP_Bend",
                    "transform": [
                        0.3312346041202545,
                        0.923763632774353,
                        0.19220946729183197,
                        80.38780212402344,
                        -0.9055584669113159,
                        0.36845412850379944,
                        -0.2102508395910263,
                        -87.9332504272461,
                        0.2650424540042877,
                        0.10441456735134125,
                        -0.9585666656494141,
                        -400.9015197753906
                    ],
                    "op": "BO_Add",
                    "rotation": 5.0777058601379395,
                    "scale": [
                        1,
                        1,
                        1
                    ],
